1.713125
1.080625
2.414375
0.8240000000000001
2.250375
1.355375
1.48475
2.14475
0.876125
2.429875
0.929
1.992375
1.621125
1.240125
2.31725
0.835875
2.416375
1.058375
1.85325
1.685875
1.213125
2.31625
0.866
2.4175
0.931875
2.1315
1.31875
1.551125
1.9312500000000001
1.087
1.777125
1.268375
2.17075
0.9087500000000001
2.426125
0.810875
2.3195
1.049375
1.955125
1.56925
1.359875
2.171125
0.89575
2.4867500000000002
0.757875
2.423375
1.025125
1.8727500000000001
1.705375
1.221625
2.328875
0.83825
2.49725
0.798625
2.29575
1.177125
1.8827500000000001
1.591625
1.3527500000000001
2.18375
